Measured results are presented in this file from: xd


From ECG measurement
HeartRate (bpm):	104.8951, 78.2269, 73.4394, 69.1244, 66.8896, 72.3764, 73.6196, 72.2892, 71.09, 74.813, 78.637, 78.4314, 75.662, 73.4394, 76.4331, 80.6452, 80.5369, 75.0939, 70.1754, 70.2576, 75.662, 79.2602, 79.7872, 76.4331, 76.6284, 79.4702, 81.7439, 80.2139, 75.188, 70.0117, 72.5514, 77.7202, 79.4702, 77.7202, 76.6284, 77.9221, 80.6452, 81.6327, 79.0514, 74.5342, 74.0741, 79.5756, 81.1908, 79.6813, 78.2269, 77.3196]
	20sAvgHeartRate(bpm):	78
From PULSE measurement
HeartRate (bpm):	1.2376, 1.3055, 1.227, 1.1521, 1.1099, 1.1919, 1.2315, 1.2034, 1.1891, 1.2392, 1.321, 1.321, 1.261, 1.218, 1.2626, 1.3532, 1.3477, 1.2579, 1.1641, 1.1682, 1.2516, 1.328, 1.3369, 1.2821, 1.2658, 1.3263, 1.3605, 1.3441, 1.2547, 1.1655, 1.2005, 1.2887, 1.3351, 1.3038, 1.2755, 1.2937, 1.3369, 1.3661, 1.3175, 1.2594, 1.2121, 1.328, 1.3624, 1.3369, 1.3106, 1.2788]
	20sAvgHeartRate(bpm):	1.3

ArrivalTime (ms):	81, 317, 316, 314, 314, 318, 328, 325, 326, 323, 328, 322, 314, 314, 318, 325, 320, 317, 313, 317, 319, 325, 321, 317, 312, 319, 318, 319, 315, 314, 315, 321, 325, 319, 314, 315, 318, 322, 319, 319, 308, 323, 322, 317, 312, 308, 314]
	ArrivalTimeAvg (ms):	313.1915
